#pragma once
#include "Check-Defines.h"

inline int estimate_coords(char x, char y) {
	return x + 8 * (7 - y);
}

constexpr auto _INFINITY_ = 10000000;

const int value_of_chessman[] = { 0, 1000, 2090, 3010, 5500, 9500, 0};

const int white_pawn_assess[] =
{ 0,  0,  0,  0,  0,  0,  0,  0,
  25, 30, 30, 35, 35, 28, 30, 25,
  14, 15, 15, 20, 20, 13, 15, 14,
   6,  7,  7,  9,  9,  5,  7,  6,
   5,  6,  6,  7,  7,  3,  6,  5,
   4,  3,  3,  5,  5,  2,  3,  4,
   0,  0,  0,  0,  0,  0,  0,  0,
   0,  0,  0,  0,  0,  0,  0,  0 };

const int black_pawn_assess[] =
{ 0,  0,  0,  0,  0,  0,  0,  0,
   0,  0,  0,  0,  0,  0,  0,  0,
   4,  3,  3,  5,  5,  2,  3,  4,
   5,  6,  6,  7,  7,  4,  6,  5,
   6,  7,  7,  9,  9,  7,  7,  6,
  14, 15, 15, 20, 20, 15, 15, 14,
  25, 30, 30, 30, 30, 30, 30, 25,
   0,  0,  0,  0,  0,  0,  0,  0 };

const int knight_assess[] =
{ 3,  3,  4,  4,  4,  4,  3,  3,
   3,  4,  6,  6,  6,  6,  4,  3,
   4,  6,  8,  8,  8,  8,  6,  4,
   4,  6,  8, 12, 12,  8,  6,  4,
   4,  6,  8, 12, 12,  8,  6,  4,
   4,  6,  8,  8,  8,  8,  6,  4,
   3,  4,  6,  6,  6,  6,  4,  3,
   3,  3,  4,  4,  4,  4,  3,  3 };

const int bishop_assess[] =
{ 4,  7,  7,  7,  7,  7,  7,  4,
   7, 12,  9,  9,  9,  9, 12,  7,
   7,  9, 14, 11, 11, 14,  9,  7,
   7,  9, 11, 16, 16, 11,  9,  7,
   7,  9, 11, 16, 16, 11,  9,  7,
   7,  9, 14, 11, 11, 14,  9,  7,
   7, 12,  9,  9,  9,  9, 12,  7,
   4,  7,  7,  7,  7,  7,  7,  4 };

const int rook_assess[] =
{ 2, 2, 2, 2, 2, 2, 2, 6, 2, 2, 2, 2, 2, 2, 2,
  2, 5, 5, 5, 5, 5, 5, 9, 5, 5, 5, 5, 5, 5, 2,
  2, 5, 8, 8, 8, 8, 8,12, 8, 8, 8, 8, 8, 5, 2,
  2, 5, 8,11,11,11,11,15,11,11,11,11, 8, 5, 2,
  2, 5, 8,11,14,14,14,18,14,14,14,11, 8, 5, 2,
  2, 5, 8,11,14,17,17,21,17,17,14,11, 8, 5, 2,
  2, 5, 8,11,14,17,20,24,20,17,14,11, 8, 5, 2,
  6, 9,12,15,18,21,24,99,24,21,18,15,12, 9, 6,
  2, 5, 8,11,14,17,20,24,20,17,14,11, 8, 5, 2,
  2, 5, 8,11,14,17,17,21,17,17,14,11, 8, 5, 2,
  2, 5, 8,11,14,14,14,18,14,14,14,11, 8, 5, 2,
  2, 5, 8,11,11,11,11,15,11,11,11,11, 8, 5, 2,
  2, 5, 8, 8, 8, 8, 8,12, 8, 8, 8, 8, 8, 5, 2,
  2, 5, 5, 5, 5, 5, 5, 9, 5, 5, 5, 5, 5, 5, 2,
  2, 2, 2, 2, 2, 2, 2, 6, 2, 2, 2, 2, 2, 2, 2 };

const int queen_assess[] =
{ 3, 0, 0, 0, 0, 0, 0, 3, 0, 0, 0, 0, 0, 0, 3,
  0, 8, 5, 5, 5, 5, 5, 8, 5, 5, 5, 5, 5, 8, 0,
  0, 5,13,10,10,10,10,13,10,10,10,10,13, 5, 0,
  0, 5,10,18,15,15,15,18,15,15,15,18,10, 5, 0,
  0, 5,10,15,23,20,20,23,20,20,23,15,10, 5, 0,
  0, 5,10,15,20,28,25,28,25,28,20,15,10, 5, 0,
  0, 5,10,15,20,25,33,33,33,25,20,15,10, 5, 0,
  3, 8,13,18,23,28,33,99,33,28,23,18,13, 8, 3,
  0, 5,10,15,20,25,33,33,33,25,20,15,10, 5, 0,
  0, 5,10,15,20,28,25,28,25,28,20,15,10, 5, 0,
  0, 5,10,15,23,20,20,23,20,20,23,15,10, 5, 0,
  0, 5,10,18,15,15,15,18,15,15,15,18,10, 5, 0,
  0, 5,13,10,10,10,10,13,10,10,10,10,13, 5, 0,
  0, 8, 5, 5, 5, 5, 5, 8, 5, 5, 5, 5, 5, 8, 0,
  3, 0, 0, 0, 0, 0, 0, 3, 0, 0, 0, 0, 0, 0, 3 };

const int early_king_assess[] =
{ 30, 25,  9,  7,  5,  7, 25, 30,
   5,  5,  5,  5,  5,  5,  5,  5,
   0,  0,  0,  0,  0,  0,  0,  0,
   0,  0,  0,  0,  0,  0,  0,  0,
   0,  0,  0,  0,  0,  0,  0,  0,
   0,  0,  0,  0,  0,  0,  0,  0,
   5,  5,  5,  5,  5,  5,  5,  5,
  30, 25, 20,  7,  5,  7, 25, 30 };

const int late_king_assess[] =
{ 3,  3,  4,  4,  4,  4,  3,  3,
   3,  4, 12, 12, 12, 12,  4,  3,
   4, 12, 16, 16, 16, 16, 12,  4,
   4, 12, 16, 24, 24, 16, 12,  4,
   4, 12, 16, 24, 24, 16, 12,  4,
   4, 12, 16, 16, 16, 16, 12,  4,
   3,  4, 12, 12, 12, 12,  4,  3,
   3,  3,  4,  4,  4,  4,  3,  3 };



